1.000  1220.299  443.832
2.000  1342.112  448.964
3.000  1463.953  454.027
4.000  1585.879  459.121
5.000  1708.007  464.027
6.000  1830.092  469.052
7.000  1952.690  474.058
8.000  2075.029  479.076
9.000  2197.575  484.114
10.000  1214.490  564.678
11.000  1336.478  569.760
12.000  1458.346  574.892
13.000  1580.389  580.013
14.000  1702.605  585.130
15.000  1824.932  590.156
16.000  1947.451  595.331
17.000  2070.027  600.289
18.000  2192.675  605.488
19.000  1208.701  685.845
20.000  1330.672  690.921
21.000  1452.845  696.069
22.000  1574.951  701.173
23.000  1697.263  706.434
24.000  1819.651  711.496
25.000  1942.145  716.728
26.000  2064.939  721.793
27.000  2187.822  727.021
28.000  1202.802  807.000
29.000  1324.911  812.091
30.000  1447.030  817.299
31.000  1569.378  822.636
32.000  1691.892  827.841
33.000  1814.335  833.092
34.000  1937.039  838.248
35.000  2059.942  843.623
36.000  2182.915  848.805
37.000  1196.875  928.445
38.000  1319.097  933.735
39.000  1441.510  938.974
40.000  1563.975  944.239
41.000  1686.435  949.562
42.000  1809.135  954.846
43.000  1931.972  960.192
44.000  2054.979  965.434
45.000  2178.031  970.810
46.000  1190.945  1050.151
47.000  1313.405  1055.444
48.000  1435.906  1060.878
49.000  1558.396  1066.222
50.000  1681.032  1071.684
51.000  1803.871  1076.958
52.000  1926.845  1082.318
53.000  2049.937  1087.645
54.000  2173.141  1093.026
55.000  1185.089  1172.192
56.000  1307.693  1177.823
57.000  1430.068  1183.101
58.000  1552.920  1188.584
59.000  1675.618  1193.930
60.000  1798.488  1199.265
61.000  1921.734  1204.809
62.000  2044.989  1210.122
63.000  2168.347  1215.734
64.000  1179.224  1294.591
65.000  1301.936  1299.966
66.000  1424.470  1305.410
67.000  1547.364  1310.973
68.000  1670.218  1316.394
69.000  1793.203  1321.935
70.000  1916.555  1327.362
71.000  2040.000  1332.948
72.000  2163.458  1338.550
73.000  1173.194  1417.036
74.000  1296.074  1422.621
75.000  1418.903  1428.097
76.000  1541.893  1433.754
77.000  1664.918  1439.279
78.000  1787.983  1444.876
79.000  1911.335  1450.393
80.000  2035.011  1456.043
81.000  2158.658  1461.646
82.000  1167.320  1539.977
83.000  1290.157  1545.627
84.000  1413.141  1551.157
85.000  1536.298  1556.769
86.000  1659.449  1562.259
87.000  1782.814  1567.988
88.000  1906.292  1573.771
89.000  2030.059  1579.459
90.000  2153.756  1585.073
91.000  1161.393  1663.168
92.000  1284.428  1668.884
93.000  1407.571  1674.621
94.000  1530.704  1680.179
95.000  1654.148  1685.767
96.000  1777.570  1691.508
97.000  1901.236  1697.236
98.000  2025.010  1703.024
99.000  2148.888  1708.719
