1.000  859.864  1717.259
2.000  849.010  1595.064
3.000  838.043  1473.769
4.000  827.290  1353.420
5.000  816.635  1233.729
6.000  805.850  1115.175
7.000  795.103  997.332
8.000  784.697  880.153
9.000  774.051  763.834
10.000  984.579  1709.810
11.000  973.263  1587.878
12.000  962.011  1466.817
13.000  950.853  1346.700
14.000  939.707  1227.459
15.000  928.556  1109.207
16.000  917.492  991.491
17.000  906.514  874.522
18.000  895.613  758.547
19.000  1108.790  1702.173
20.000  1096.999  1580.699
21.000  1085.376  1459.951
22.000  1073.791  1340.209
23.000  1062.191  1221.321
24.000  1050.667  1103.145
25.000  1039.208  985.738
26.000  1027.918  869.111
27.000  1016.579  753.488
28.000  1232.526  1694.823
29.000  1220.206  1573.494
30.000  1208.142  1453.160
31.000  1196.027  1333.539
32.000  1184.159  1215.110
33.000  1172.117  1097.172
34.000  1160.296  979.893
35.000  1148.618  863.650
36.000  1137.065  748.213
37.000  1355.552  1687.645
38.000  1342.929  1566.482
39.000  1330.314  1446.422
40.000  1318.037  1327.267
41.000  1305.719  1208.801
42.000  1293.372  1091.125
43.000  1281.339  974.511
44.000  1269.021  858.179
45.000  1256.999  743.026
46.000  1478.082  1680.124
47.000  1465.046  1559.441
48.000  1452.142  1439.562
49.000  1439.233  1320.647
50.000  1426.573  1202.645
51.000  1413.954  1085.304
52.000  1401.375  968.586
53.000  1388.916  852.845
54.000  1376.512  737.905
55.000  1600.049  1672.936
56.000  1586.720  1552.438
57.000  1573.308  1432.929
58.000  1560.137  1314.331
59.000  1547.041  1196.443
60.000  1534.036  1079.328
61.000  1521.104  962.923
62.000  1508.290  847.371
63.000  1495.443  732.821
64.000  1721.619  1665.791
65.000  1707.713  1545.533
66.000  1693.955  1426.296
67.000  1680.279  1307.795
68.000  1666.875  1190.313
69.000  1653.513  1073.399
70.000  1640.239  957.339
71.000  1627.061  842.029
72.000  1613.878  727.658
73.000  1842.618  1658.505
74.000  1828.377  1538.648
75.000  1814.203  1419.649
76.000  1800.320  1301.539
77.000  1786.432  1184.122
78.000  1772.580  1067.463
79.000  1759.006  951.757
80.000  1745.450  836.763
81.000  1731.861  722.631
82.000  1963.113  1651.552
83.000  1948.551  1531.874
84.000  1934.060  1413.097
85.000  1919.658  1295.135
86.000  1905.462  1178.049
87.000  1891.261  1061.755
88.000  1877.239  946.053
89.000  1863.246  831.386
90.000  1849.457  717.478
91.000  2083.194  1644.454
92.000  2068.291  1525.150
93.000  2053.499  1406.549
94.000  2038.744  1288.690
95.000  2024.049  1171.995
96.000  2009.498  1055.965
97.000  1995.153  940.575
98.000  1980.705  826.107
99.000  1966.586  712.261
