1.000  2039.656  1669.717
2.000  1919.708  1673.923
3.000  1799.206  1678.255
4.000  1678.359  1682.867
5.000  1556.943  1687.294
6.000  1435.081  1691.964
7.000  1312.766  1696.468
8.000  1189.690  1701.159
9.000  1066.260  1705.728
10.000  2029.861  1548.104
11.000  1910.161  1552.174
12.000  1790.079  1556.279
13.000  1669.627  1560.399
14.000  1548.491  1564.776
15.000  1426.917  1569.010
16.000  1304.820  1573.255
17.000  1182.160  1577.573
18.000  1058.986  1582.011
19.000  2020.253  1427.065
20.000  1900.776  1430.922
21.000  1780.900  1434.822
22.000  1660.827  1438.837
23.000  1539.969  1442.643
24.000  1418.763  1446.701
25.000  1296.840  1450.720
26.000  1174.570  1454.842
27.000  1051.607  1458.877
28.000  2010.592  1306.691
29.000  1891.549  1310.400
30.000  1771.843  1314.030
31.000  1652.021  1317.688
32.000  1531.510  1321.295
33.000  1410.550  1325.101
34.000  1289.048  1328.838
35.000  1166.917  1332.621
36.000  1044.277  1336.370
37.000  2001.145  1186.995
38.000  1882.333  1190.373
39.000  1763.062  1193.824
40.000  1643.231  1197.208
41.000  1523.115  1200.692
42.000  1402.243  1204.174
43.000  1281.190  1207.643
44.000  1159.203  1211.146
45.000  1037.001  1214.707
46.000  1991.606  1067.744
47.000  1873.077  1070.867
48.000  1754.083  1074.137
49.000  1634.592  1077.289
50.000  1514.863  1080.475
51.000  1394.362  1083.783
52.000  1273.326  1086.791
53.000  1151.756  1090.163
54.000  1029.797  1093.413
55.000  1982.335  949.371
56.000  1863.976  952.121
57.000  1745.320  955.037
58.000  1626.157  957.948
59.000  1506.478  960.932
60.000  1386.159  963.930
61.000  1265.538  966.973
62.000  1144.127  969.845
63.000  1022.652  972.904
64.000  1972.877  831.356
65.000  1854.852  834.036
66.000  1736.458  836.604
67.000  1617.538  839.354
68.000  1498.171  841.931
69.000  1378.306  844.585
70.000  1257.794  847.424
71.000  1136.771  850.101
72.000  1015.294  852.806
73.000  1963.577  713.938
74.000  1845.900  716.324
75.000  1727.652  718.873
76.000  1609.053  721.204
77.000  1489.842  723.633
78.000  1370.378  726.081
79.000  1250.107  728.529
80.000  1129.438  731.064
81.000  1008.268  733.504
82.000  1954.414  597.031
83.000  1836.847  599.171
84.000  1718.980  601.359
85.000  1600.500  603.500
86.000  1481.645  605.679
87.000  1362.400  607.976
88.000  1242.432  610.305
89.000  1121.958  612.396
90.000  1000.999  614.581
91.000  1945.220  480.618
92.000  1827.949  482.525
93.000  1710.341  484.521
94.000  1592.244  486.445
95.000  1473.558  488.478
96.000  1354.440  490.404
97.000  1234.737  492.257
98.000  1114.564  494.208
99.000  993.914  496.137
