1.000  2237.202  770.271
2.000  2239.848  883.963
3.000  2242.454  998.210
4.000  2245.116  1113.495
5.000  2247.770  1229.438
6.000  2250.493  1346.375
7.000  2253.213  1463.889
8.000  2256.046  1582.468
9.000  2258.799  1701.789
10.000  2121.661  762.096
11.000  2123.860  875.939
12.000  2126.034  990.486
13.000  2128.387  1105.876
14.000  2130.610  1222.071
15.000  2132.787  1339.185
16.000  2135.312  1456.936
17.000  2137.555  1575.648
18.000  2139.948  1695.215
19.000  2005.490  753.876
20.000  2007.300  867.926
21.000  2009.010  982.691
22.000  2010.824  1098.185
23.000  2012.729  1214.767
24.000  2014.634  1331.860
25.000  2016.580  1449.883
26.000  2018.618  1568.940
27.000  2020.538  1688.634
28.000  1888.835  745.769
29.000  1890.194  859.910
30.000  1891.538  974.780
31.000  1893.079  1090.555
32.000  1894.493  1207.302
33.000  1895.832  1324.684
34.000  1897.468  1442.974
35.000  1898.964  1562.198
36.000  1900.561  1682.061
37.000  1771.711  737.376
38.000  1772.730  851.762
39.000  1773.643  966.926
40.000  1774.679  1082.927
41.000  1775.659  1199.780
42.000  1776.659  1317.515
43.000  1777.855  1435.983
44.000  1779.066  1555.225
45.000  1780.163  1675.467
46.000  1654.148  729.078
47.000  1654.693  843.644
48.000  1655.379  959.139
49.000  1655.998  1075.287
50.000  1656.557  1192.403
51.000  1657.330  1310.256
52.000  1657.933  1428.886
53.000  1658.628  1548.401
54.000  1659.286  1668.913
55.000  1536.178  720.684
56.000  1536.383  835.482
57.000  1536.617  951.085
58.000  1536.802  1067.610
59.000  1537.016  1184.833
60.000  1537.236  1302.859
61.000  1537.507  1421.752
62.000  1537.779  1541.502
63.000  1537.931  1662.311
64.000  1417.639  712.237
65.000  1417.453  827.177
66.000  1417.243  943.080
67.000  1416.978  1059.808
68.000  1416.818  1177.424
69.000  1416.543  1295.578
70.000  1416.458  1414.644
71.000  1416.222  1534.835
72.000  1416.078  1655.770
73.000  1298.539  703.909
74.000  1297.925  819.002
75.000  1297.214  935.186
76.000  1296.619  1051.898
77.000  1296.047  1169.826
78.000  1295.534  1288.354
79.000  1294.893  1407.596
80.000  1294.166  1527.798
81.000  1293.704  1649.108
82.000  1178.995  695.443
83.000  1177.827  810.867
84.000  1176.726  927.077
85.000  1175.841  1044.287
86.000  1174.793  1162.257
87.000  1173.793  1280.894
88.000  1172.670  1400.520
89.000  1171.734  1520.989
90.000  1170.729  1642.324
91.000  1058.784  686.921
92.000  1057.453  802.575
93.000  1055.967  918.961
94.000  1054.489  1036.404
95.000  1053.000  1154.500
96.000  1051.676  1273.487
97.000  1050.031  1393.421
98.000  1048.551  1514.074
99.000  1046.976  1635.821
