1.000  1817.297  790.586
2.000  1821.691  914.467
3.000  1826.203  1039.315
4.000  1830.540  1165.095
5.000  1835.103  1291.936
6.000  1839.602  1419.509
7.000  1844.428  1548.348
8.000  1849.114  1678.003
9.000  1853.831  1808.817
10.000  1692.765  781.673
11.000  1696.690  905.848
12.000  1700.626  1031.172
13.000  1704.619  1157.327
14.000  1708.675  1284.395
15.000  1712.788  1412.345
16.000  1717.024  1541.481
17.000  1721.301  1671.795
18.000  1725.377  1802.885
19.000  1567.355  772.709
20.000  1570.905  897.309
21.000  1574.435  1022.787
22.000  1577.958  1149.487
23.000  1581.511  1276.955
24.000  1585.175  1405.244
25.000  1588.881  1534.807
26.000  1592.545  1665.322
27.000  1596.235  1796.965
28.000  1441.162  763.727
29.000  1444.326  888.587
30.000  1447.287  1014.584
31.000  1450.343  1141.506
32.000  1453.435  1269.414
33.000  1456.629  1398.087
34.000  1459.848  1527.976
35.000  1463.018  1659.062
36.000  1466.180  1791.020
37.000  1314.239  754.582
38.000  1316.774  879.957
39.000  1319.225  1006.280
40.000  1321.978  1133.677
41.000  1324.762  1261.878
42.000  1327.229  1390.966
43.000  1329.971  1521.332
44.000  1332.789  1652.604
45.000  1335.354  1785.021
46.000  1186.432  745.557
47.000  1188.427  871.293
48.000  1190.563  997.941
49.000  1192.772  1125.686
50.000  1194.880  1254.167
51.000  1197.021  1383.713
52.000  1199.288  1514.427
53.000  1201.518  1646.105
54.000  1203.795  1779.026
55.000  1057.741  736.404
56.000  1059.371  862.418
57.000  1061.030  989.422
58.000  1062.701  1117.495
59.000  1064.367  1246.477
60.000  1066.059  1376.431
61.000  1067.831  1507.503
62.000  1069.390  1639.655
63.000  1071.045  1772.912
64.000  928.346  727.149
65.000  929.637  853.524
66.000  930.803  981.016
67.000  931.785  1109.451
68.000  932.923  1238.814
69.000  934.059  1369.122
70.000  935.199  1500.722
71.000  936.420  1633.233
72.000  937.500  1766.880
73.000  797.976  717.750
74.000  798.698  844.571
75.000  799.181  972.539
76.000  799.918  1101.193
77.000  800.617  1231.070
78.000  801.267  1361.933
79.000  801.756  1493.700
80.000  802.383  1626.777
81.000  802.934  1760.784
82.000  666.741  708.369
83.000  666.852  835.617
84.000  667.040  963.911
85.000  667.198  1093.064
86.000  667.323  1223.168
87.000  667.356  1354.443
88.000  667.464  1486.973
89.000  667.418  1620.381
90.000  667.542  1754.603
91.000  534.459  698.853
92.000  534.179  826.621
93.000  533.856  955.115
94.000  533.524  1084.839
95.000  533.165  1215.410
96.000  532.619  1347.133
97.000  532.237  1479.989
98.000  531.711  1613.769
99.000  531.272  1748.557
