   -80   100     0
   -60   100     0
   -40   100     0
   -20   100     0
     0   100     0
    20   100     0
    40   100     0
    60   100     0
    80   100     0
   -80    80     0
   -60    80     0
   -40    80     0
   -20    80     0
     0    80     0
    20    80     0
    40    80     0
    60    80     0
    80    80     0
   -80    60     0
   -60    60     0
   -40    60     0
   -20    60     0
     0    60     0
    20    60     0
    40    60     0
    60    60     0
    80    60     0
   -80    40     0
   -60    40     0
   -40    40     0
   -20    40     0
     0    40     0
    20    40     0
    40    40     0
    60    40     0
    80    40     0
   -80    20     0
   -60    20     0
   -40    20     0
   -20    20     0
     0    20     0
    20    20     0
    40    20     0
    60    20     0
    80    20     0
   -80     0     0
   -60     0     0
   -40     0     0
   -20     0     0
     0     0     0
    20     0     0
    40     0     0
    60     0     0
    80     0     0
   -80   -20     0
   -60   -20     0
   -40   -20     0
   -20   -20     0
     0   -20     0
    20   -20     0
    40   -20     0
    60   -20     0
    80   -20     0
   -80   -40     0
   -60   -40     0
   -40   -40     0
   -20   -40     0
     0   -40     0
    20   -40     0
    40   -40     0
    60   -40     0
    80   -40     0
   -80   -60     0
   -60   -60     0
   -40   -60     0
   -20   -60     0
     0   -60     0
    20   -60     0
    40   -60     0
    60   -60     0
    80   -60     0
   -80   -80     0
   -60   -80     0
   -40   -80     0
   -20   -80     0
     0   -80     0
    20   -80     0
    40   -80     0
    60   -80     0
    80   -80     0
   -80  -100     0
   -60  -100     0
   -40  -100     0
   -20  -100     0
     0  -100     0
    20  -100     0
    40  -100     0
    60  -100     0
    80  -100     0