1.000  997.192  545.497
2.000  1116.077  540.020
3.000  1235.371  534.531
4.000  1355.385  528.926
5.000  1476.014  523.439
6.000  1597.021  517.905
7.000  1718.842  512.169
8.000  1840.995  506.510
9.000  1963.814  500.881
10.000  992.814  660.806
11.000  1112.077  655.600
12.000  1231.899  650.426
13.000  1352.048  645.167
14.000  1473.040  639.739
15.000  1594.507  634.389
16.000  1716.581  628.932
17.000  1839.297  623.668
18.000  1962.494  618.134
19.000  988.266  777.024
20.000  1108.005  772.030
21.000  1228.078  767.032
22.000  1348.842  762.045
23.000  1470.084  757.014
24.000  1591.972  751.937
25.000  1714.461  746.727
26.000  1837.483  741.584
27.000  1961.192  736.356
28.000  983.954  893.894
29.000  1103.993  889.081
30.000  1224.313  884.448
31.000  1345.458  879.630
32.000  1467.331  874.884
33.000  1589.464  870.086
34.000  1712.340  865.214
35.000  1835.703  860.270
36.000  1959.778  855.473
37.000  979.375  1011.561
38.000  1099.683  1007.052
39.000  1220.858  1002.637
40.000  1342.105  998.161
41.000  1464.216  993.585
42.000  1586.770  989.049
43.000  1710.120  984.415
44.000  1834.022  979.887
45.000  1958.512  975.123
46.000  974.878  1129.891
47.000  1095.652  1125.809
48.000  1217.012  1121.475
49.000  1338.743  1117.308
50.000  1461.260  1112.999
51.000  1584.316  1108.688
52.000  1707.994  1104.480
53.000  1832.263  1100.156
54.000  1957.222  1095.872
55.000  970.353  1249.013
56.000  1091.431  1245.035
57.000  1213.204  1241.147
58.000  1335.378  1237.320
59.000  1458.308  1233.213
60.000  1581.700  1229.208
61.000  1705.826  1225.213
62.000  1830.560  1221.239
63.000  1955.948  1217.086
64.000  965.608  1369.132
65.000  1087.237  1365.355
66.000  1209.367  1361.612
67.000  1331.986  1357.868
68.000  1455.413  1354.250
69.000  1579.337  1350.523
70.000  1703.739  1346.869
71.000  1828.896  1343.101
72.000  1954.588  1339.355
73.000  960.930  1490.018
74.000  1082.942  1486.496
75.000  1205.497  1482.992
76.000  1328.639  1479.602
77.000  1452.448  1476.145
78.000  1576.640  1472.692
79.000  1701.565  1469.371
80.000  1827.059  1465.757
81.000  1953.393  1462.424
82.000  956.363  1611.764
83.000  1078.586  1608.586
84.000  1201.592  1605.538
85.000  1325.208  1602.311
86.000  1449.391  1599.076
87.000  1574.078  1595.970
88.000  1699.571  1592.718
89.000  1825.437  1589.553
90.000  1952.057  1586.327
91.000  951.627  1734.428
92.000  1074.318  1731.532
93.000  1197.767  1728.731
94.000  1321.785  1725.680
95.000  1446.328  1722.804
96.000  1571.469  1719.880
97.000  1697.255  1716.973
98.000  1823.833  1714.094
99.000  1950.849  1711.178
