1.000  977.991  1754.322
2.000  982.814  1631.315
3.000  987.867  1508.871
4.000  992.771  1387.119
5.000  997.655  1265.786
6.000  1002.472  1145.322
7.000  1007.159  1025.257
8.000  1011.990  905.734
9.000  1016.682  786.917
10.000  1099.166  1754.798
11.000  1103.861  1631.414
12.000  1108.507  1508.594
13.000  1113.231  1386.577
14.000  1117.715  1265.250
15.000  1122.304  1144.373
16.000  1126.710  1024.195
17.000  1131.325  904.327
18.000  1135.763  785.125
19.000  1221.070  1755.110
20.000  1225.463  1631.596
21.000  1229.685  1508.511
22.000  1234.066  1386.169
23.000  1238.360  1264.469
24.000  1242.614  1143.420
25.000  1247.187  1022.907
26.000  1251.084  902.840
27.000  1255.321  783.441
28.000  1343.554  1755.673
29.000  1347.636  1631.680
30.000  1351.557  1508.411
31.000  1355.623  1385.737
32.000  1359.564  1263.850
33.000  1363.585  1142.495
34.000  1367.550  1021.831
35.000  1371.542  901.416
36.000  1375.505  781.710
37.000  1466.658  1756.000
38.000  1470.330  1631.951
39.000  1474.049  1508.354
40.000  1477.710  1385.439
41.000  1481.444  1263.240
42.000  1485.145  1141.479
43.000  1488.811  1020.488
44.000  1492.461  899.889
45.000  1496.148  780.032
46.000  1590.031  1756.588
47.000  1593.518  1632.036
48.000  1597.005  1508.270
49.000  1600.430  1385.113
50.000  1603.721  1262.510
51.000  1607.221  1140.625
52.000  1610.617  1019.307
53.000  1613.849  898.522
54.000  1617.362  778.109
55.000  1714.115  1757.023
56.000  1717.357  1632.302
57.000  1720.500  1508.135
58.000  1723.629  1384.750
59.000  1726.685  1261.863
60.000  1729.773  1139.641
61.000  1732.848  1018.048
62.000  1736.041  897.010
63.000  1739.249  776.472
64.000  1838.922  1757.489
65.000  1841.788  1632.507
66.000  1844.547  1508.078
67.000  1847.327  1384.431
68.000  1850.233  1261.338
69.000  1853.057  1138.828
70.000  1855.843  1016.945
71.000  1858.695  895.435
72.000  1861.505  774.627
73.000  1964.210  1758.001
74.000  1966.772  1632.714
75.000  1969.401  1508.058
76.000  1971.882  1384.023
77.000  1974.435  1260.672
78.000  1976.924  1137.855
79.000  1979.508  1015.695
80.000  1981.973  894.076
81.000  1984.548  772.902
82.000  2090.129  1758.516
83.000  2092.588  1632.916
84.000  2094.884  1507.954
85.000  2097.019  1383.710
86.000  2099.142  1260.150
87.000  2101.501  1137.020
88.000  2103.638  1014.481
89.000  2105.984  892.542
90.000  2108.282  771.063
91.000  2216.712  1759.025
92.000  2218.793  1633.117
93.000  2220.624  1507.918
94.000  2222.703  1383.282
95.000  2224.594  1259.399
96.000  2226.525  1136.057
97.000  2228.482  1013.391
98.000  2230.467  891.071
99.000  2232.481  769.363
