1.000  2127.016  1746.129
2.000  2000.297  1746.967
3.000  1874.206  1747.729
4.000  1748.826  1748.412
5.000  1623.921  1749.192
6.000  1499.735  1750.071
7.000  1375.906  1750.975
8.000  1252.786  1751.657
9.000  1130.148  1752.564
10.000  2128.053  1619.886
11.000  2001.573  1621.013
12.000  1875.842  1622.045
13.000  1750.679  1623.061
14.000  1626.094  1624.110
15.000  1502.075  1625.130
16.000  1378.726  1626.258
17.000  1255.817  1627.453
18.000  1133.483  1628.619
19.000  2128.941  1494.173
20.000  2002.774  1495.484
21.000  1877.181  1496.897
22.000  1752.413  1498.211
23.000  1628.284  1499.527
24.000  1504.519  1500.962
25.000  1381.404  1502.263
26.000  1258.774  1503.616
27.000  1136.764  1504.935
28.000  2129.861  1369.172
29.000  2004.087  1370.849
30.000  1878.866  1372.419
31.000  1754.262  1374.087
32.000  1630.181  1375.794
33.000  1506.951  1377.245
34.000  1384.032  1378.891
35.000  1261.716  1380.506
36.000  1140.215  1382.227
37.000  2130.791  1244.784
38.000  2005.238  1246.712
39.000  1880.322  1248.632
40.000  1755.973  1250.508
41.000  1632.389  1252.413
42.000  1509.244  1254.244
43.000  1386.724  1256.212
44.000  1264.740  1258.200
45.000  1143.446  1260.134
46.000  2131.763  1120.938
47.000  2006.477  1123.190
48.000  1881.788  1125.417
49.000  1757.897  1127.604
50.000  1634.533  1129.748
51.000  1511.745  1131.928
52.000  1389.381  1134.057
53.000  1267.704  1136.366
54.000  1146.688  1138.523
55.000  2132.769  997.702
56.000  2007.669  1000.296
57.000  1883.463  1002.669
58.000  1759.652  1005.328
59.000  1636.553  1007.679
60.000  1514.050  1010.281
61.000  1392.077  1012.756
62.000  1270.888  1015.106
63.000  1149.892  1017.501
64.000  2133.645  875.204
65.000  2008.969  877.891
66.000  1884.979  880.571
67.000  1761.585  883.409
68.000  1638.607  886.291
69.000  1516.448  888.866
70.000  1394.736  891.616
71.000  1273.586  894.372
72.000  1153.120  897.019
73.000  2134.577  752.952
74.000  2010.324  755.915
75.000  1886.536  759.016
76.000  1763.423  762.017
77.000  1640.890  765.166
78.000  1518.870  768.188
79.000  1397.488  771.127
80.000  1276.562  774.128
81.000  1156.216  777.114
82.000  2135.628  631.284
83.000  2011.465  634.530
84.000  1888.127  637.948
85.000  1765.318  641.238
86.000  1643.012  644.631
87.000  1521.333  647.937
88.000  1400.190  651.200
89.000  1279.601  654.445
90.000  1159.499  657.726
91.000  2136.597  510.244
92.000  2012.798  513.866
93.000  1889.665  517.521
94.000  1767.215  521.141
95.000  1645.217  524.706
96.000  1523.643  528.272
97.000  1402.924  531.802
98.000  1282.531  535.245
99.000  1162.740  538.815
