1.000  2134.041  757.491
2.000  2134.192  879.265
3.000  2134.176  1001.418
4.000  2134.267  1124.165
5.000  2134.512  1247.480
6.000  2134.677  1371.297
7.000  2134.897  1495.874
8.000  2135.032  1620.942
9.000  2135.159  1746.577
10.000  2010.464  761.582
11.000  2010.196  883.097
12.000  2010.004  1004.814
13.000  2009.937  1127.423
14.000  2009.776  1250.351
15.000  2009.655  1373.943
16.000  2009.610  1498.102
17.000  2009.402  1622.940
18.000  2009.179  1748.330
19.000  1887.458  765.509
20.000  1886.939  886.662
21.000  1886.521  1008.359
22.000  1886.009  1130.579
23.000  1885.552  1253.245
24.000  1885.105  1376.457
25.000  1884.805  1500.325
26.000  1884.290  1624.971
27.000  1883.975  1750.080
28.000  1765.014  769.534
29.000  1764.277  890.385
30.000  1763.453  1011.653
31.000  1762.712  1133.633
32.000  1761.958  1256.136
33.000  1761.284  1379.108
34.000  1760.629  1502.626
35.000  1759.935  1626.980
36.000  1759.174  1751.879
37.000  1643.182  773.581
38.000  1642.059  894.097
39.000  1641.058  1015.252
40.000  1640.046  1136.667
41.000  1639.031  1258.830
42.000  1638.093  1381.662
43.000  1637.239  1505.069
44.000  1636.174  1629.002
45.000  1635.118  1753.692
46.000  1521.901  777.473
47.000  1520.532  897.768
48.000  1519.262  1018.683
49.000  1517.954  1139.817
50.000  1516.700  1261.702
51.000  1515.438  1384.202
52.000  1514.149  1507.329
53.000  1512.975  1631.035
54.000  1511.754  1755.240
55.000  1401.233  781.444
56.000  1399.617  901.479
57.000  1398.015  1022.031
58.000  1396.516  1143.055
59.000  1395.015  1264.583
60.000  1393.422  1386.667
61.000  1391.898  1509.646
62.000  1390.332  1633.083
63.000  1388.715  1757.103
64.000  1281.100  785.328
65.000  1279.270  905.059
66.000  1277.419  1025.220
67.000  1275.508  1146.241
68.000  1273.693  1267.454
69.000  1271.774  1389.337
70.000  1269.950  1511.872
71.000  1268.205  1635.152
72.000  1266.307  1758.814
73.000  1161.430  789.173
74.000  1159.453  908.655
75.000  1157.368  1028.702
76.000  1155.221  1149.431
77.000  1153.116  1270.357
78.000  1150.980  1391.892
79.000  1148.760  1514.306
80.000  1146.555  1637.193
81.000  1144.468  1760.711
82.000  1042.352  793.105
83.000  1040.049  912.258
84.000  1037.683  1032.081
85.000  1035.434  1152.429
86.000  1032.954  1273.138
87.000  1030.572  1394.570
88.000  1028.173  1516.587
89.000  1025.561  1639.303
90.000  1023.253  1762.420
91.000  923.824  796.967
92.000  921.076  915.920
93.000  918.599  1035.409
94.000  915.972  1155.412
95.000  913.266  1276.029
96.000  910.518  1397.218
97.000  907.820  1518.933
98.000  905.158  1641.285
99.000  902.436  1764.269
