1.000  2231.264  762.578
2.000  2233.796  898.226
3.000  2236.428  1033.943
4.000  2239.044  1170.261
5.000  2241.775  1306.800
6.000  2244.437  1443.716
7.000  2247.247  1581.118
8.000  2249.971  1718.985
9.000  2252.753  1857.380
10.000  2095.587  767.889
11.000  2098.042  903.117
12.000  2100.489  1038.480
13.000  2102.950  1174.332
14.000  2105.401  1310.560
15.000  2107.986  1447.184
16.000  2110.555  1584.304
17.000  2112.941  1721.790
18.000  2115.552  1859.829
19.000  1960.753  773.181
20.000  1962.976  907.828
21.000  1965.313  1043.019
22.000  1967.491  1178.456
23.000  1969.758  1314.418
24.000  1972.123  1450.588
25.000  1974.351  1587.281
26.000  1976.762  1724.604
27.000  1979.015  1862.150
28.000  1826.654  778.350
29.000  1828.684  912.755
30.000  1830.642  1047.476
31.000  1832.745  1182.655
32.000  1834.741  1318.173
33.000  1836.804  1454.115
34.000  1839.109  1590.434
35.000  1841.259  1727.346
36.000  1843.295  1864.506
37.000  1693.419  783.552
38.000  1695.116  917.676
39.000  1696.898  1052.027
40.000  1698.796  1186.731
41.000  1700.658  1321.923
42.000  1702.665  1457.485
43.000  1704.568  1593.587
44.000  1706.466  1730.041
45.000  1708.466  1866.990
46.000  1560.745  788.736
47.000  1562.361  922.462
48.000  1563.990  1056.550
49.000  1565.611  1190.787
50.000  1567.363  1325.605
51.000  1569.047  1460.780
52.000  1570.779  1596.612
53.000  1572.406  1732.806
54.000  1574.204  1869.350
55.000  1428.914  793.907
56.000  1430.285  927.263
57.000  1431.641  1060.961
58.000  1433.172  1194.943
59.000  1434.650  1329.405
60.000  1436.072  1464.257
61.000  1437.621  1599.672
62.000  1439.170  1735.484
63.000  1440.567  1871.702
64.000  1297.774  799.010
65.000  1298.899  931.990
66.000  1300.190  1065.189
67.000  1301.241  1199.061
68.000  1302.613  1333.067
69.000  1303.849  1467.677
70.000  1305.081  1602.736
71.000  1306.336  1738.318
72.000  1307.701  1874.244
73.000  1167.078  804.034
74.000  1168.118  936.685
75.000  1169.116  1069.724
76.000  1170.224  1203.106
77.000  1171.343  1336.897
78.000  1172.228  1471.102
79.000  1173.272  1605.787
80.000  1174.383  1740.944
81.000  1175.422  1876.555
82.000  1037.140  809.045
83.000  1038.002  941.394
84.000  1038.872  1074.119
85.000  1039.863  1207.114
86.000  1040.734  1340.661
87.000  1041.460  1474.491
88.000  1042.141  1608.884
89.000  1043.071  1743.729
90.000  1043.975  1878.916
91.000  907.867  813.979
92.000  908.504  946.070
93.000  909.151  1078.373
94.000  909.918  1211.178
95.000  910.448  1344.446
96.000  911.084  1477.952
97.000  911.820  1612.093
98.000  912.424  1746.528
99.000  912.999  1881.424
